79110 749711011797114121 49 44 49535151 44 771059910497101108 6511010310110811144 116104101110 10210510211612145115101118101110 12110197114115 11110810044 11911410511610111513
102114111109 7010811111410111099101 116111 8411110910997115111 10010139 67971189710810510111410544 97 121111117116104 111102 11011198108101 8211110997110 102971091051081214413
119104111 9710211610111411997114100115 981019997109101 104105115 10297118111117114105116101 11211711210510858 3473102 73 100111 110111116 112111115115101115115 11610410113
97114116 111102 1109711810510397116105110103 116104101 11510197 111102 121111117114 112111116101110116 10310111010511711544 11610497116 103101110105117115 11910510810813
110101118101114116104101108101115115 10112099117115101 10910144 97110100 110101105116104101114 100101115112105115101 109121 1051101011131179710810511612144 110111114 1001011099711010013
111102 109101 11610497116 11910410599104 73 10497118101 105116 110111116 105110 109101 116111 10310511810159 11510511099101 11610497116 11910410599104 1151169711010011513
97108111110101 105110 101118101114121116104105110103 9997110 105110 110111116104105110103 102105110100 105116115 991111171101161011141129711411646 87104101114101102111114101 12111111711413
10811111410011510410511244 95116104101 111110108121 108105103104116 105110 111117114 97103101 1181111179910411597102101100 116111 116104105115 11911111410810011595 1049711810511010313
110111 10111311797108 111114 11210110111444 9997110110111116 102105110100 115971161051151029799116105111110 105110 116104101 119111114107 111102 97110121 11111610410111413
1049711010046 7310244 11610410111410110211111410144 116104105115 111114 11610497116 105110 116104101 119111114107115 11910410599104 73 104111112101 97110100 11211411110910511510113
116111 10112010199117116101 115104111117108100 10497112112101110 116111 11210810197115101 12111111744 73 115104111117108100 9997108108 11610497116 11911111410744 11011111613
10311111110044 98117116 1021111141161171109711610146 65110100 105102 73 115104111117108100 101118101114 102101101108 97115115117114101100 11610497116454597115 1049711513
98101101110 114101112111114116101100 116111 109101454573 10497118101